latitude=12.968367
longitude=77.729760
